RMS Error: 3.61714
CM1 : Color[1, 0, 0;
  0, 1, 0;
  0, 0, 1]
CM2 : Infrared[1, 0, 0;
  0, 1, 0;
  0, 0, 1]
D1 : Color[0, 0, 0, 0, 0]
D2 : Infrared[0, 0, 0, 0, 0]
R[0.9951941422226944, 0.09792048465112764, 0.0004449396857199427;
  -0.09792024432248504, 0.9951941224953688, -0.0005332002418648552;
  -0.0004950125861929283, 0.0004870691546011616, 0.99999975886306]
T[-1.68060744464691;
  0.3577822458851028;
  -0.0001095591053686212]
E[-0.0001878347691949472, 0.0002832972737632646, 0.3577821011936453;
  -0.0009409544174397663, 0.0008078439665849497, 1.68060699064318;
  -0.1914973037061214, -1.707564862051204, 0.0007369087759253159]
F[-0.2548955519753287, 0.3844400867767331, 485.5174926426793;
  -1.276894031093925, 1.096260477520522, 2280.617419073193;
  -259.8656848205716, -2317.199791666292, 1]
R1[0.9937701346289118, -0.1114475098545742, 0.0006099728266234289;
  0.1114476458417118, 0.9937702877242582, -0.0001935788870411939;
  -0.0005845989864963826, 0.0002603529521908383, 0.9999997952301616]
R2[0.978081493921548, -0.2082224463949271, 6.376131070522589e-005;
  0.2082224263811014, 0.9780814719600365, 0.0002352880261542131;
  -0.0001113560050419321, -0.0002168543292984832, 0.9999999702870195]
P1[1, 0, -15.25145750780212, 0;
  0, 1, -66.92531439485174, 0;
  0, 0, 1, 0]
P2[1, 0, -15.25145750780212, -1.718269341656425;
  0, 1, -66.92531439485174, 0;
  0, 0, 1, 0]
Q[1, 0, 0, 15.25145750780212;
  0, 1, 0, 66.92531439485174;
  0, 0, 0, 1;
  0, 0, 0.581980936141241, -0]
